Step 0:
F_aug Example 1 (shape (5, 5)):
    3.2277   -4.3436    2.8883   -0.8007    0.0000
    1.0000    0.0000    0.0000    0.0000    0.0000
    0.0000    1.0000    0.0000    0.0000    0.0000
    0.0000    0.0000    1.0000    0.0000    0.0000
    0.0000    0.0000    0.0000    1.0000    0.0000

F_goal Example 1 (shape (6, 6)):
    3.2277   -4.3436    2.8883   -0.8007    0.0000    0.0000
    1.0000    0.0000    0.0000    0.0000    0.0000    0.0000
    0.0000    1.0000    0.0000    0.0000    0.0000    0.0000
    0.0000    0.0000    1.0000    0.0000    0.0000    0.0000
    0.0000    0.0000    0.0000    1.0000    0.0000    0.0000
    0.0000    0.0000    0.0000    0.0000    0.0000    1.0000


==================================================

Step 1:
F_aug Example 2 (shape (5, 5)):
    3.2277   -4.3436    2.8883   -0.8007    0.0000
    1.0000    0.0000    0.0000    0.0000    0.0000
    0.0000    1.0000    0.0000    0.0000    0.0000
    0.0000    0.0000    1.0000    0.0000    0.0000
    0.0000    0.0000    0.0000    1.0000    0.0000

F_goal Example 2 (shape (6, 6)):
    3.2277   -4.3436    2.8883   -0.8007    0.0000    0.0000
    1.0000    0.0000    0.0000    0.0000    0.0000    0.0000
    0.0000    1.0000    0.0000    0.0000    0.0000    0.0000
    0.0000    0.0000    1.0000    0.0000    0.0000    0.0000
    0.0000    0.0000    0.0000    1.0000    0.0000    0.0000
    0.0000    0.0000    0.0000    0.0000    0.0000    1.0000


==================================================

Step 2:
F_aug Example 3 (shape (5, 5)):
    3.2277   -4.3436    2.8883   -0.8007    0.0000
    1.0000    0.0000    0.0000    0.0000    0.0000
    0.0000    1.0000    0.0000    0.0000    0.0000
    0.0000    0.0000    1.0000    0.0000    0.0000
    0.0000    0.0000    0.0000    1.0000    0.0000

F_goal Example 3 (shape (6, 6)):
    3.2277   -4.3436    2.8883   -0.8007    0.0000    0.0000
    1.0000    0.0000    0.0000    0.0000    0.0000    0.0000
    0.0000    1.0000    0.0000    0.0000    0.0000    0.0000
    0.0000    0.0000    1.0000    0.0000    0.0000    0.0000
    0.0000    0.0000    0.0000    1.0000    0.0000    0.0000
    0.0000    0.0000    0.0000    0.0000    0.0000    1.0000


==================================================

Step 3:
F_aug Example 4 (shape (5, 5)):
    3.2277   -4.3436    2.8883   -0.8007    0.0000
    1.0000    0.0000    0.0000    0.0000    0.0000
    0.0000    1.0000    0.0000    0.0000    0.0000
    0.0000    0.0000    1.0000    0.0000    0.0000
    0.0000    0.0000    0.0000    1.0000    0.0000

F_goal Example 4 (shape (6, 6)):
    3.2277   -4.3436    2.8883   -0.8007    0.0000    0.0000
    1.0000    0.0000    0.0000    0.0000    0.0000    0.0000
    0.0000    1.0000    0.0000    0.0000    0.0000    0.0000
    0.0000    0.0000    1.0000    0.0000    0.0000    0.0000
    0.0000    0.0000    0.0000    1.0000    0.0000    0.0000
    0.0000    0.0000    0.0000    0.0000    0.0000    1.0000


==================================================

Step 4:
F_aug Example 5 (shape (5, 5)):
    3.2277   -4.3436    2.8883   -0.8007    0.0000
    1.0000    0.0000    0.0000    0.0000    0.0000
    0.0000    1.0000    0.0000    0.0000    0.0000
    0.0000    0.0000    1.0000    0.0000    0.0000
    0.0000    0.0000    0.0000    1.0000    0.0000

F_goal Example 5 (shape (6, 6)):
    3.2277   -4.3436    2.8883   -0.8007    0.0000    0.0000
    1.0000    0.0000    0.0000    0.0000    0.0000    0.0000
    0.0000    1.0000    0.0000    0.0000    0.0000    0.0000
    0.0000    0.0000    1.0000    0.0000    0.0000    0.0000
    0.0000    0.0000    0.0000    1.0000    0.0000    0.0000
    0.0000    0.0000    0.0000    0.0000    0.0000    1.0000


==================================================

