Step 0:
P Example 1 (shape (5, 5)):
   38.5056    0.0000    0.0000    0.0000    0.0000
    0.0000    0.0000    0.0000    0.0000    0.0000
    0.0000    0.0000    0.0000    0.0000    0.0000
    0.0000    0.0000    0.0000    0.0000    0.0000
    0.0000    0.0000    0.0000    0.0000    0.0000

P_goal Example 1 (shape (7, 7)):
    0.1980    0.0000    0.0000    0.0000    0.0000    0.0000    0.0000
    0.0000    0.0000    0.0000    0.0000    0.0000    0.0000    0.0000
    0.0000    0.0000    0.0000    0.0000    0.0000    0.0000    0.0000
    0.0000    0.0000    0.0000    0.0000    0.0000    0.0000    0.0000
    0.0000    0.0000    0.0000    0.0000    0.0000    0.0000    0.0000
    0.0000    0.0000    0.0000    0.0000    0.0000   10.0000    0.0000
    0.0000    0.0000    0.0000    0.0000    0.0000    0.0000   10.0000


==================================================

Step 1:
P Example 2 (shape (5, 5)):
   38.5056    0.0000    0.0000    0.0000    0.0000
    0.0000    0.0000    0.0000    0.0000    0.0000
    0.0000    0.0000    0.0000    0.0000    0.0000
    0.0000    0.0000    0.0000    0.0000    0.0000
    0.0000    0.0000    0.0000    0.0000    0.0000

P_goal Example 2 (shape (7, 7)):
    0.1980    0.0000    0.0000    0.0000    0.0000    0.0000    0.0000
    0.0000    0.0000    0.0000    0.0000    0.0000    0.0000    0.0000
    0.0000    0.0000    0.0000    0.0000    0.0000    0.0000    0.0000
    0.0000    0.0000    0.0000    0.0000    0.0000    0.0000    0.0000
    0.0000    0.0000    0.0000    0.0000    0.0000    0.0000    0.0000
    0.0000    0.0000    0.0000    0.0000    0.0000   10.0000    0.0000
    0.0000    0.0000    0.0000    0.0000    0.0000    0.0000   10.0000


==================================================

Step 2:
P Example 3 (shape (5, 5)):
   38.5056    0.0000    0.0000    0.0000    0.0000
    0.0000    0.0000    0.0000    0.0000    0.0000
    0.0000    0.0000    0.0000    0.0000    0.0000
    0.0000    0.0000    0.0000    0.0000    0.0000
    0.0000    0.0000    0.0000    0.0000    0.0000

P_goal Example 3 (shape (7, 7)):
    0.1980    0.0000    0.0000    0.0000    0.0000    0.0000    0.0000
    0.0000    0.0000    0.0000    0.0000    0.0000    0.0000    0.0000
    0.0000    0.0000    0.0000    0.0000    0.0000    0.0000    0.0000
    0.0000    0.0000    0.0000    0.0000    0.0000    0.0000    0.0000
    0.0000    0.0000    0.0000    0.0000    0.0000    0.0000    0.0000
    0.0000    0.0000    0.0000    0.0000    0.0000   10.0000    0.0000
    0.0000    0.0000    0.0000    0.0000    0.0000    0.0000   10.0000


==================================================

Step 3:
P Example 4 (shape (5, 5)):
   38.5056    0.0000    0.0000    0.0000    0.0000
    0.0000    0.0000    0.0000    0.0000    0.0000
    0.0000    0.0000    0.0000    0.0000    0.0000
    0.0000    0.0000    0.0000    0.0000    0.0000
    0.0000    0.0000    0.0000    0.0000    0.0000

P_goal Example 4 (shape (7, 7)):
    0.1980    0.0000    0.0000    0.0000    0.0000    0.0000    0.0000
    0.0000    0.0000    0.0000    0.0000    0.0000    0.0000    0.0000
    0.0000    0.0000    0.0000    0.0000    0.0000    0.0000    0.0000
    0.0000    0.0000    0.0000    0.0000    0.0000    0.0000    0.0000
    0.0000    0.0000    0.0000    0.0000    0.0000    0.0000    0.0000
    0.0000    0.0000    0.0000    0.0000    0.0000   10.0000    0.0000
    0.0000    0.0000    0.0000    0.0000    0.0000    0.0000   10.0000


==================================================

Step 4:
P Example 5 (shape (5, 5)):
   38.5056    0.0000    0.0000    0.0000    0.0000
    0.0000    0.0000    0.0000    0.0000    0.0000
    0.0000    0.0000    0.0000    0.0000    0.0000
    0.0000    0.0000    0.0000    0.0000    0.0000
    0.0000    0.0000    0.0000    0.0000    0.0000

P_goal Example 5 (shape (7, 7)):
    0.1980    0.0000    0.0000    0.0000    0.0000    0.0000    0.0000
    0.0000    0.0000    0.0000    0.0000    0.0000    0.0000    0.0000
    0.0000    0.0000    0.0000    0.0000    0.0000    0.0000    0.0000
    0.0000    0.0000    0.0000    0.0000    0.0000    0.0000    0.0000
    0.0000    0.0000    0.0000    0.0000    0.0000    0.0000    0.0000
    0.0000    0.0000    0.0000    0.0000    0.0000   10.0000    0.0000
    0.0000    0.0000    0.0000    0.0000    0.0000    0.0000   10.0000


==================================================

