Step 0:
F_aug Example 1 (shape (5, 5)):
    2.1051   -1.9234    1.2946   -0.6615    0.0000
    1.0000    0.0000    0.0000    0.0000    0.0000
    0.0000    1.0000    0.0000    0.0000    0.0000
    0.0000    0.0000    1.0000    0.0000    0.0000
    0.0000    0.0000    0.0000    0.0000    1.0000

F_goal Example 1 (shape (7, 7)):
    4.2401   -7.6088    7.2740   -3.7094    0.0000    0.0000    0.0000
    1.0000    0.0000    0.0000    0.0000    0.0000    0.0000    0.0000
    0.0000    1.0000    0.0000    0.0000    0.0000    0.0000    0.0000
    0.0000    0.0000    1.0000    0.0000    0.0000    0.0000    0.0000
    0.0000    0.0000    0.0000    0.0000    1.0000    0.0000    0.0000
    0.0000    0.0000    0.0000    0.0000    0.0000    1.0000    0.0000
    0.0000    0.0000    0.0000    0.0000    0.0000    0.0000    1.0000


==================================================

Step 1:
F_aug Example 2 (shape (5, 5)):
    2.1051   -1.9234    1.2946   -0.6615    0.0000
    1.0000    0.0000    0.0000    0.0000    0.0000
    0.0000    1.0000    0.0000    0.0000    0.0000
    0.0000    0.0000    1.0000    0.0000    0.0000
    0.0000    0.0000    0.0000    0.0000    1.0000

F_goal Example 2 (shape (7, 7)):
    4.2401   -7.6088    7.2740   -3.7094    0.0000    0.0000    0.0000
    1.0000    0.0000    0.0000    0.0000    0.0000    0.0000    0.0000
    0.0000    1.0000    0.0000    0.0000    0.0000    0.0000    0.0000
    0.0000    0.0000    1.0000    0.0000    0.0000    0.0000    0.0000
    0.0000    0.0000    0.0000    0.0000    1.0000    0.0000    0.0000
    0.0000    0.0000    0.0000    0.0000    0.0000    1.0000    0.0000
    0.0000    0.0000    0.0000    0.0000    0.0000    0.0000    1.0000


==================================================

Step 2:
F_aug Example 3 (shape (5, 5)):
    2.1051   -1.9234    1.2946   -0.6615    0.0000
    1.0000    0.0000    0.0000    0.0000    0.0000
    0.0000    1.0000    0.0000    0.0000    0.0000
    0.0000    0.0000    1.0000    0.0000    0.0000
    0.0000    0.0000    0.0000    0.0000    1.0000

F_goal Example 3 (shape (7, 7)):
    4.2401   -7.6088    7.2740   -3.7094    0.0000    0.0000    0.0000
    1.0000    0.0000    0.0000    0.0000    0.0000    0.0000    0.0000
    0.0000    1.0000    0.0000    0.0000    0.0000    0.0000    0.0000
    0.0000    0.0000    1.0000    0.0000    0.0000    0.0000    0.0000
    0.0000    0.0000    0.0000    0.0000    1.0000    0.0000    0.0000
    0.0000    0.0000    0.0000    0.0000    0.0000    1.0000    0.0000
    0.0000    0.0000    0.0000    0.0000    0.0000    0.0000    1.0000


==================================================

Step 3:
F_aug Example 4 (shape (5, 5)):
    2.1051   -1.9234    1.2946   -0.6615    0.0000
    1.0000    0.0000    0.0000    0.0000    0.0000
    0.0000    1.0000    0.0000    0.0000    0.0000
    0.0000    0.0000    1.0000    0.0000    0.0000
    0.0000    0.0000    0.0000    0.0000    1.0000

F_goal Example 4 (shape (7, 7)):
    4.2401   -7.6088    7.2740   -3.7094    0.0000    0.0000    0.0000
    1.0000    0.0000    0.0000    0.0000    0.0000    0.0000    0.0000
    0.0000    1.0000    0.0000    0.0000    0.0000    0.0000    0.0000
    0.0000    0.0000    1.0000    0.0000    0.0000    0.0000    0.0000
    0.0000    0.0000    0.0000    0.0000    1.0000    0.0000    0.0000
    0.0000    0.0000    0.0000    0.0000    0.0000    1.0000    0.0000
    0.0000    0.0000    0.0000    0.0000    0.0000    0.0000    1.0000


==================================================

Step 4:
F_aug Example 5 (shape (5, 5)):
    2.1051   -1.9234    1.2946   -0.6615    0.0000
    1.0000    0.0000    0.0000    0.0000    0.0000
    0.0000    1.0000    0.0000    0.0000    0.0000
    0.0000    0.0000    1.0000    0.0000    0.0000
    0.0000    0.0000    0.0000    0.0000    1.0000

F_goal Example 5 (shape (7, 7)):
    4.2401   -7.6088    7.2740   -3.7094    0.0000    0.0000    0.0000
    1.0000    0.0000    0.0000    0.0000    0.0000    0.0000    0.0000
    0.0000    1.0000    0.0000    0.0000    0.0000    0.0000    0.0000
    0.0000    0.0000    1.0000    0.0000    0.0000    0.0000    0.0000
    0.0000    0.0000    0.0000    0.0000    1.0000    0.0000    0.0000
    0.0000    0.0000    0.0000    0.0000    0.0000    1.0000    0.0000
    0.0000    0.0000    0.0000    0.0000    0.0000    0.0000    1.0000


==================================================

