Step 0:
Particles_post_propagate Example 1 (shape (7, 2)):
  -30.5778    1.9915
  -27.2916    3.5117
  -21.0883    3.4477
  -13.5839    2.3700
   21.8488   -0.7030
   16.1788   15.7088
    3.4431   12.0002

Particles_post_resample Example 1 (shape (7, 2)):
  -30.5778    1.9915
  -27.2916    3.5117
  -21.0883    3.4477
  -13.5839    2.3700
   21.8488   -0.7030
   16.1788   15.7088
    3.4431   12.0002


==================================================

Step 1:
Particles_post_propagate Example 2 (shape (7, 2)):
    7.5530   19.2762
    4.4170   17.6885
    1.1933   14.3160
   -1.1224    9.5368
   14.6039    1.2354
    4.3758   11.4936
    0.0000    3.7829

Particles_post_resample Example 2 (shape (7, 2)):
  -30.5778    1.9915
  -27.2916    3.5117
  -21.0883    3.4477
  -13.5839    2.3700
   21.8488   -0.7030
   16.1788   15.7088
    3.4431   12.0002


==================================================

Step 2:
Particles_post_propagate Example 3 (shape (7, 2)):
   15.4139   28.9402
   14.6746   26.0876
   12.5002   22.1423
    8.7162   16.6195
   20.4239    8.7353
   10.9100   20.0358
    8.4298    0.0000

Particles_post_resample Example 3 (shape (7, 2)):
  -30.5778    1.9915
  -27.2916    3.5117
  -21.0883    3.4477
  -13.5839    2.3700
   21.8488   -0.7030
   16.1788   15.7088
    3.4431   12.0002


==================================================

