Step 0:
Particles Example 1 (shape (7, 2)):
    3.8518   13.2211
    5.1838   12.5188
    5.1897    9.8220
    3.3254    5.4201
   21.2130   -2.1541
   12.6362    9.9712
    1.9219    0.5139

Particles_post Example 1 (shape (7, 2)):
  -30.5778    1.9915
  -27.2916    3.5117
  -21.0883    3.4477
  -13.5839    2.3700
   21.8488   -0.7030
   16.1788   15.7088
    3.4431   12.0002


==================================================

Step 1:
Particles Example 2 (shape (7, 2)):
  -14.0279    4.5280
  -10.3292    2.6555
   -6.6321    0.8011
   -3.1317   -0.2106
   20.0890    4.2295
    5.9584    8.9946
    4.9044    0.5042

Particles_post Example 2 (shape (7, 2)):
    7.5530   19.2762
    4.4170   17.6885
    1.1933   14.3160
   -1.1224    9.5368
   14.6039    1.2354
    4.3758   11.4936
    0.0000    3.7829


==================================================

Step 2:
Particles Example 3 (shape (7, 2)):
   -3.7767   27.9608
   -1.8586   18.4367
   -0.5325   10.1979
    0.0741    4.0578
   21.1878    0.1778
   11.8404   13.6747
    0.0784   -2.8065

Particles_post Example 3 (shape (7, 2)):
   15.4139   28.9402
   14.6746   26.0876
   12.5002   22.1423
    8.7162   16.6195
   20.4239    8.7353
   10.9100   20.0358
    8.4298    0.0000


==================================================

