# d=5, s2=100, l=3, goal=[10.0, 10.0]
1.201391635381587264e+01 2.597484953882176129e+01
1.399596711267759019e+01 2.006176834857339486e+01
1.599338797251095379e+01 1.346653537623181762e+01
1.783540399800112297e+01 8.304663355479547704e+00
1.888801297084959074e+01 5.134608574239216239e+00
1.892468000662375260e+01 3.603911787446487658e+00
1.795652484671905569e+01 2.952232608472741049e+00
1.680761896267303257e+01 1.472489446630753207e+00
1.610928699262527886e+01 -2.213317374670738857e+00
1.583897081864507861e+01 -7.778862704316562571e+00
1.611350313003251955e+01 -1.384999219491620082e+01
1.632372908950546631e+01 -1.803661691136781542e+01
1.598333783660853236e+01 -1.859782467167520181e+01
1.418051308594236914e+01 -1.583998927815559199e+01
1.043454731538238001e+01 -1.115146217852618094e+01
5.664306383740649764e+00 -6.073959358795224972e+00
2.130505087165184719e+00 -1.682637790835320502e+00
1.396180176931482109e+00 2.036234332922069790e+00
3.738497456538861563e+00 5.180539014374930140e+00
8.903650605031883103e+00 8.830302065441550496e+00
1.513778091814457127e+01 1.356797956111031311e+01
2.032795504899144134e+01 1.884976673328083407e+01
2.306430577366865009e+01 2.379034801576885627e+01
2.308550234551512048e+01 2.699018517133937678e+01
2.117286587958970401e+01 2.787211236441845941e+01
1.905877526955443813e+01 2.723157734543996611e+01
1.795576299141776033e+01 2.677455241844963396e+01
1.747230730137754406e+01 2.649599748844935476e+01
1.629667241512014186e+01 2.595216390339376034e+01
1.217098945139645494e+01 2.440448710674448662e+01
5.604647872867630554e+00 2.155413016098541590e+01
-1.081949562552139810e+00 1.701652919797307462e+01
-5.594231471796279109e+00 1.067325012359256320e+01
-7.045719659333233409e+00 3.261430032188942008e+00
-6.297517282016382723e+00 -3.884434741473437924e+00
-4.460501302544901847e+00 -8.979045349102101170e+00
-2.882509929174718266e+00 -1.203106510507987537e+01
-1.958146491301087977e+00 -1.301016829930951246e+01
-1.446332140020091472e+00 -1.240734245926255497e+01
-9.324225419651845925e-01 -1.080721443597659004e+01
8.088759686513693481e-01 -7.876259152889286241e+00
4.439411713836394213e+00 -3.633778212873156832e+00
8.812330808866329690e+00 1.873460948927455405e+00
1.166571992661755885e+01 7.923843431368652546e+00
1.237709636514553324e+01 1.387467761160507962e+01
1.124717717779349258e+01 1.847036828275949460e+01
8.947321968241380929e+00 2.102999409412277743e+01
6.805459056279056007e+00 2.151645203942808848e+01
5.889446889083401970e+00 2.005663201088628256e+01
7.766355669575687237e+00 1.633379992913134515e+01
1.156307282536634062e+01 1.103998440023848104e+01
1.532752079263365275e+01 5.158295674370564576e+00
1.789512213351452630e+01 4.115987419444060436e-01
1.832682387014833836e+01 -1.593450924481338404e+00
1.724077467434163680e+01 -5.757145077235712449e-01
1.587834416247636860e+01 2.437227712044065520e+00
1.444940314554067129e+01 5.754718461624421799e+00
1.337843810004614653e+01 7.725870973046438550e+00
1.192448119750063640e+01 8.131401032582381561e+00
1.008526475362542207e+01 7.909069999769462456e+00
8.537901032994563266e+00 8.770365347810610501e+00
7.365153963380674185e+00 1.186577852428214364e+01
7.510709387731310471e+00 1.622029542618207643e+01
8.628910781488146498e+00 2.019548864677565447e+01
9.810921640022442602e+00 2.269694113741650199e+01
9.705637394769404125e+00 2.331225082689463335e+01
7.549929254813438462e+00 2.200728437481051358e+01
3.790118258683039976e+00 1.911327450261600092e+01
5.329340227060122004e-01 1.539338894207937614e+01
-7.396923356447135944e-01 1.150772752599262105e+01
4.068136359417096060e-02 8.113834112641043816e+00
2.546904393245526421e+00 4.949959870095888448e+00
5.731561463841957860e+00 1.755022244868648329e+00
8.877627852093587180e+00 -1.463538297257167997e+00
1.161701729364805402e+01 -4.414986564154895987e+00
1.350083306056080446e+01 -6.392226474150554338e+00
1.450592187820222634e+01 -7.473196547263889045e+00
1.498687945657598597e+01 -7.676452920138817859e+00
1.504330260458277735e+01 -6.920936576810120755e+00
1.418881203510185607e+01 -4.973506334449293576e+00
1.249004603554155146e+01 -1.905828923032814259e+00
1.015765025654783926e+01 1.875661775581846769e+00
7.817425644032412357e+00 5.335685240293965848e+00
7.013290283620181143e+00 7.311602500787490300e+00
9.101490966338927180e+00 7.154526074387213441e+00
1.365151387000945782e+01 5.171715629157898064e+00
1.872126197421242466e+01 2.861334037264167129e+00
2.199272781721336401e+01 2.509535099562823390e+00
2.177404258303976903e+01 5.853381575770197465e+00
1.894637430460047867e+01 1.212061065203260668e+01
1.592386842561928795e+01 1.866174872962219666e+01
1.468209117977217026e+01 2.365708679458980868e+01
1.590287038422916766e+01 2.551889575344753780e+01
1.875503532661721806e+01 2.462038105377445518e+01
2.130863544693920986e+01 2.179320870434053603e+01
2.169144639248495565e+01 1.870275038810419943e+01
1.935161956052674270e+01 1.686389201721789988e+01
1.497126156098553196e+01 1.706670116135944326e+01
9.940408237620097509e+00 1.902135323202860917e+01
6.238120881763889791e+00 2.133638252514835187e+01
