9.686016650366120473e+00 9.515774343560776671e+00
8.911279386908923072e+00 1.024005917206220317e+01
8.986706836467005743e+00 9.068605623565357376e+00
8.684842482626276450e+00 8.116805158605444603e+00
8.472852666479875339e+00 7.876041197828376639e+00
8.553885328295763202e+00 7.991467841342243972e+00
9.030384254139065092e+00 8.330073851633079229e+00
9.668977220607231970e+00 8.907640468652443744e+00
1.012316769645750725e+01 9.558444291020572692e+00
1.029842252691154059e+01 9.935671402596911506e+00
1.028880163540051385e+01 9.884558809258106038e+00
1.014941413427245287e+01 9.599695574502542073e+00
9.893771692906627280e+00 9.414240661650230990e+00
9.633952838215016357e+00 9.493851786742785848e+00
9.562969751002677654e+00 9.767731254666255580e+00
9.760377074442551759e+00 1.007624558414590865e+01
1.008281409992369682e+01 1.026844321139867766e+01
1.030226439877852584e+01 1.019857700006011747e+01
1.031094159844563407e+01 9.782834964360088037e+00
1.014292706718541126e+01 9.120721709596825377e+00
9.875731107307522905e+00 8.489283696040368810e+00
9.600548289972527627e+00 8.150424033180271977e+00
9.427423575289616053e+00 8.161597409370662248e+00
9.416790607296151805e+00 8.373720729705421917e+00
9.505685551104869901e+00 8.582245106278639568e+00
9.547905043403666525e+00 8.672407863619600477e+00
9.440271432846657262e+00 8.661781069353095219e+00
9.210053074567978726e+00 8.644275853078086769e+00
8.992425952184037286e+00 8.698966847824543436e+00
8.935017094734778453e+00 8.850636289614097763e+00
9.118291422027633431e+00 9.105762285975460557e+00
9.539495886992867213e+00 9.485187700119421805e+00
1.013321032861761140e+01 9.994920422892421996e+00
1.078140165216477264e+01 1.058090624813426039e+01
1.131452270228632173e+01 1.113079047683521949e+01
1.155210371743199715e+01 1.152776067422431794e+01
1.139653622048264303e+01 1.171726827189575104e+01
1.090553083064876283e+01 1.172971708232832455e+01
1.026777235770434160e+01 1.164011181214210922e+01
9.718219827688519885e+00 1.151407086119282752e+01
9.468239056597280268e+00 1.138538420623383729e+01
9.630823459970768496e+00 1.126029951546967212e+01
1.011732594070495317e+01 1.113573417075518535e+01
1.061933849073580483e+01 1.101916204360180807e+01
1.078056159012150061e+01 1.092750915575123827e+01
1.044778499594307419e+01 1.086425130461555710e+01
9.781312841965286609e+00 1.080191730751358925e+01
9.144546390409848513e+00 1.069014274396534070e+01
8.871631137159550207e+00 1.048589889838004652e+01
9.060945302983718364e+00 1.018730587425180545e+01
9.513755246489120410e+00 9.855237950306287686e+00
9.876665443834474090e+00 9.613270926707405906e+00
9.905142060754577926e+00 9.604814000146513209e+00
9.634177678494060260e+00 9.893941907017561377e+00
9.310357632754499235e+00 1.036231189793510943e+01
9.164668286253073504e+00 1.071441508538786458e+01
9.246662029830043039e+00 1.065125964363575761e+01
9.460545125802655164e+00 1.010490912744089265e+01
9.720786134184045579e+00 9.313567128860281485e+00
1.002036872390501898e+01 8.646895744731878608e+00
1.034844265060018209e+01 8.352389974787028493e+00
1.061870386856054083e+01 8.448758907473262525e+00
1.073915860218830076e+01 8.789797299738241421e+00
1.071995815954844389e+01 9.173563311662510600e+00
1.065757730349937127e+01 9.428379280974725773e+00
1.062987677877173454e+01 9.481755529077130262e+00
1.065294524113727093e+01 9.387125851472655214e+00
1.072000186587595749e+01 9.267564069473163357e+00
1.082373165323603992e+01 9.211746003463952448e+00
1.094385565659722381e+01 9.211180194128449017e+00
1.105155761277920234e+01 9.181999724995661083e+00
1.110785091377422695e+01 9.044634736295131816e+00
1.103081969254225569e+01 8.801332136031613018e+00
1.071249990704416533e+01 8.552736170035474927e+00
1.012153435619476127e+01 8.447889194297507842e+00
9.374922501643050410e+00 8.622355218971730295e+00
8.685111654504533263e+00 9.149406046487674971e+00
8.238727496682340501e+00 9.978783822329031494e+00
8.100857010197637820e+00 1.089960614358374080e+01
8.182517393353535340e+00 1.161993245408663000e+01
8.290061588638469203e+00 1.193583167726196059e+01
8.252976544421702698e+00 1.183002987776095161e+01
8.042701040442466365e+00 1.142585219018575415e+01
7.769561935228415095e+00 1.089250387860809788e+01
7.573324701459105412e+00 1.039489014907031539e+01
7.542790372987479230e+00 1.006747926049149555e+01
7.728639702093055952e+00 9.981756768251601741e+00
8.168918320294523028e+00 1.013416690784226581e+01
8.845573960751188736e+00 1.045783997170766533e+01
9.615489006287836204e+00 1.082735826306450200e+01
1.023456782582478475e+01 1.107981009030907416e+01
1.051032010627390711e+01 1.109407791688261646e+01
1.044800989523355561e+01 1.087695509594722942e+01
1.022735606944678999e+01 1.055618900233113777e+01
1.003873894644799769e+01 1.027704853326814138e+01
9.958553602501744706e+00 1.010759539650373462e+01
9.957774626242651195e+00 1.003267052565586148e+01
9.980033517413033906e+00 1.000788383282200478e+01
9.994758980894385303e+00 1.000147657593680073e+01
9.999384217195292024e+00 1.000016507681065292e+01
