# d=5, s2=100, l=3, goal=[10.0, 10.0]
2.289630490088205050e+01 -3.002640847805189139e+00
3.465065184352764049e+01 -1.481383440586901301e+01
4.091870681766127404e+01 -2.339877235312415138e+01
3.917297699441981251e+01 -2.727638326895066001e+01
3.029343598069540278e+01 -2.683872741208566737e+01
1.851943055695411644e+01 -2.405700441289872060e+01
9.038538366071607655e+00 -2.095577037017298494e+01
4.978702050599309814e+00 -1.919141600759351718e+01
6.728193276100450149e+00 -1.950688613218617462e+01
1.182089390506899740e+01 -2.089725210898377128e+01
1.755778687331536858e+01 -2.157435134500818563e+01
2.232964245700270567e+01 -1.902457561006834652e+01
2.649974497857830968e+01 -1.201418080725938253e+01
3.183496089868807033e+01 -1.624727378401960465e+00
3.977163622098333917e+01 1.002449528584526384e+01
5.053794211258319535e+01 2.094665039942267981e+01
6.243584052544275664e+01 2.977589833929062735e+01
7.254402880193698877e+01 3.600273195563245565e+01
7.841266009508169077e+01 3.979821597312614756e+01
7.913036579160662143e+01 4.185378983179501233e+01
7.518045909818647488e+01 4.260413036890832217e+01
6.788228234200595068e+01 4.190988973699811737e+01
5.794245531638240720e+01 3.892924876389248823e+01
4.563925756673517498e+01 3.300309757698126134e+01
3.201083176921326867e+01 2.463542796694615689e+01
1.880261067838478084e+01 1.526356066711185022e+01
7.650179027549182109e+00 6.118620199224309886e+00
-1.082177910813273414e+00 -2.194453659005167978e+00
-7.291429340122917324e+00 -9.444762264698045584e+00
-1.133306925630625628e+01 -1.591193757556043309e+01
-1.435452972447390962e+01 -2.170186922051240686e+01
-1.710565978097148943e+01 -2.648480126561164383e+01
-2.025826899013156890e+01 -2.870538457576321179e+01
-2.434068184437210647e+01 -2.702168785065694578e+01
-2.964273760539529690e+01 -2.157566491665844666e+01
-3.549293779395839721e+01 -1.404356022346828325e+01
-4.085053941477258377e+01 -6.443543297666554537e+00
-4.485487523582684588e+01 -1.053638775760409985e+00
-4.701524640414876188e+01 -3.283786398191779199e-02
-4.701645747560456812e+01 -3.900302882199095933e+00
-4.440549030203940362e+01 -1.104584324019119279e+01
-3.821729258893844161e+01 -1.852478481912228503e+01
-2.725209872163203073e+01 -2.413001129851851800e+01
-1.076297265612764420e+01 -2.693973589455956130e+01
1.120814844363827589e+01 -2.831181541832143012e+01
3.696441785498721799e+01 -3.044170597305144810e+01
6.480035267246748276e+01 -3.483553054754099065e+01
9.323818057767363143e+01 -4.131567666764330937e+01
1.213184808957289391e+02 -4.854671146029776452e+01
1.475883727803665977e+02 -5.448809276463107665e+01
1.702027950948044577e+02 -5.695535859003253165e+01
1.879012348851989884e+02 -5.422041575575521222e+01
2.011183200490608840e+02 -4.667330389216182596e+01
2.118875657484939836e+02 -3.653365418096979766e+01
2.226163861025101767e+02 -2.617333574631975068e+01
2.344738180670414636e+02 -1.750193562421017646e+01
2.463916380828059118e+02 -1.128946019641363563e+01
2.554641346602450938e+02 -8.033742262889315811e+00
2.582849304952633247e+02 -7.305964454502138494e+00
2.533067514889439735e+02 -7.596666583740027789e+00
2.418503938621145437e+02 -6.841954946792938586e+00
2.276822255934335999e+02 -3.394068804531816141e+00
2.152690128862803647e+02 3.003349728487411774e+00
2.070106045621128033e+02 1.072109995536634486e+01
2.028701079485060461e+02 1.716410150007531854e+01
2.007126938757990899e+02 2.026516591842837300e+01
1.974804445120688854e+02 1.979775578305669015e+01
1.913591142867408337e+02 1.681423822082766861e+01
1.821981967169110987e+02 1.294611271652854612e+01
1.718838025597599710e+02 9.971931334150093917e+00
1.638643497227065495e+02 9.609440178476997829e+00
1.611193035113293774e+02 1.291426683431468803e+01
1.646997119337061974e+02 1.958560383209033517e+01
1.733323378324194266e+02 2.804478802778121960e+01
1.842821253061769085e+02 3.613352341343789931e+01
1.944077460005632076e+02 4.219301139301180825e+01
2.016494269505177499e+02 4.554010395598925243e+01
2.057589555576609825e+02 4.713217898752373003e+01
2.087201223357879769e+02 4.908741291033273768e+01
2.137076841753803933e+02 5.299431365146463691e+01
2.233726138665822987e+02 5.919290475745576430e+01
2.381568603926811249e+02 6.662004334369744640e+01
2.558829628212618559e+02 7.347409647978190605e+01
2.723376955019780894e+02 7.826874433144925547e+01
2.832426051847523922e+02 8.046580945123920969e+01
2.857982273616322004e+02 8.091849439661693566e+01
2.802353870702264658e+02 8.123208234132958694e+01
2.697059529367957680e+02 8.270011208623860455e+01
2.584855634108724871e+02 8.599308918601768426e+01
2.503840407843705407e+02 8.966290487283518473e+01
2.471790564779551289e+02 9.094204545350646640e+01
2.483820541227068475e+02 8.776384241168081246e+01
2.515503571320466847e+02 7.985947510612442102e+01
2.536109559516935974e+02 6.850544253857879085e+01
2.524715216982866082e+02 5.616579160811460270e+01
2.485860690133071387e+02 4.497437621597823210e+01
2.448823544326064336e+02 3.642016261730350379e+01
2.449990819493353058e+02 3.113953527063184978e+01
2.516383103275622375e+02 2.867149298485139752e+01
2.648616058991226510e+02 2.789505625929568566e+01
