-1.835595530770945771e+01 1.227485187165939173e+01
-1.694191277151591635e+01 1.199030473306424049e+01
-1.396458019067561551e+01 1.110483989018107209e+01
-9.837057300050069841e+00 1.069455041914454441e+01
-5.965583156344518301e+00 1.191369753167430900e+01
-3.556861005930240793e+00 1.420628810082645188e+01
-2.414107504100588386e+00 1.527154515972658366e+01
-1.163115536834037789e+00 1.313857686930304958e+01
1.318693676135667570e+00 7.978679306566822227e+00
4.853900970233456569e+00 1.839014724293531744e+00
8.098316117040354811e+00 -2.921263957753109430e+00
9.288910052919893801e+00 -4.814665962136632338e+00
7.099134221481705254e+00 -3.571603012127535504e+00
1.536935051392773532e+00 -9.398828508797181513e-02
-5.705018987565032340e+00 3.837856720028664181e+00
-1.214195680023624391e+01 6.293348262981075081e+00
-1.596620004470362808e+01 6.164560745398876662e+00
-1.659133781775009453e+01 3.722329658062249358e+00
-1.409045941081228115e+01 3.578131045073457139e-01
-8.902769316375101383e+00 -2.217733227886198311e+00
-2.437368943403865895e+00 -2.862764014504373122e+00
2.722785286303334384e+00 -1.690369545731892575e+00
4.234057566194291411e+00 -9.366902101063949437e-02
1.982348417320223488e+00 2.994412791661670292e-01
-1.578873010428041068e+00 -8.446557167797628107e-01
-3.294243636871374559e+00 -2.085626556112404995e+00
-1.591868836710865764e+00 -1.539326883000109225e+00
2.730288380598333120e+00 1.248814276361330800e+00
7.398953696029979987e+00 4.900037492348902290e+00
1.019922111260261310e+01 7.559815544911492324e+00
1.024545571139348077e+01 8.309584964513042848e+00
8.447408976483499643e+00 7.290481000915685961e+00
6.736468057638728801e+00 5.067592730905357890e+00
6.400410958878562262e+00 2.290612090179787952e+00
7.050065156349893059e+00 -3.074856501020825084e-01
7.305763848829180063e+00 -2.009017702367649427e+00
6.292876251452906189e+00 -2.322684220309480185e+00
4.278592429256582008e+00 -1.182644784658309911e+00
2.101875207697879056e+00 8.439214187356104402e-01
2.469444664658781707e-01 2.539994771767607240e+00
-1.595871117564799491e+00 2.593599568852857917e+00
-4.115779054088954503e+00 5.493347148353893150e-01
-7.487061876099859958e+00 -2.744724875967715416e+00
-1.104360964523400845e+01 -5.754342755109465024e+00
-1.402628363300481418e+01 -7.309814834462261324e+00
-1.645048111785986578e+01 -7.082663047227418573e+00
-1.885940859961239369e+01 -5.402366643279824743e+00
-2.121379055263314228e+01 -3.058930307511298352e+00
-2.235432249759817580e+01 -1.265055350744652918e+00
-2.072534761771077072e+01 -1.238854065352156919e+00
-1.560558521470414384e+01 -3.218215272755073464e+00
-7.823519318526590993e+00 -5.825388454953992046e+00
4.987974815203165546e-01 -6.906471258888164932e+00
7.075857564730928750e+00 -5.410138756470516341e+00
1.064091947668571869e+01 -2.341675085497432196e+00
1.119499090487582293e+01 2.263262884704546618e-01
9.460183671634542435e+00 8.171995391258075614e-01
6.440091665111583374e+00 -7.475019294602552877e-01
3.288713912990119503e+00 -3.712579811055882306e+00
1.066861476771175044e+00 -7.084058848038488065e+00
3.132084653220948423e-01 -1.011074118457537097e+01
7.472595302339257728e-01 -1.218071687325923769e+01
1.414756320207100737e+00 -1.236057499888624633e+01
1.339230850648949200e+00 -9.650582457919229640e+00
2.351264355298446074e-01 -4.235286523804535186e+00
-1.385138526957242266e+00 1.898483111076715080e+00
-2.769834433627120784e+00 6.309758982634828151e+00
-3.528158323466374480e+00 8.040369042094205554e+00
-3.764433218500161438e+00 7.796472615757097380e+00
-3.815831964753562566e+00 6.537567158500094067e+00
-3.969478671995301244e+00 4.670075512565171394e+00
-4.341727227496482655e+00 2.522627043399619851e+00
-4.829660516974935369e+00 6.285038535185445419e-01
-5.176965535338441171e+00 -8.939503092447618204e-01
-5.240902798485827851e+00 -2.726247657224864174e+00
-5.129097773286262374e+00 -5.689513843168749752e+00
-4.988745618566916562e+00 -9.769168000332404844e+00
-4.870134228975426360e+00 -1.383131393336460491e+01
-4.840768262915540632e+00 -1.625461252873552809e+01
-4.939019786578946025e+00 -1.607310642926156419e+01
-4.911865297918495799e+00 -1.376636706921002862e+01
-4.149137816927168210e+00 -1.078554710344780787e+01
-2.095767815350582097e+00 -8.120049632360126779e+00
1.021601605468699825e+00 -5.617571697779561113e+00
4.000072174428555449e+00 -2.963319106021841343e+00
5.619139848424943295e+00 -9.002455886297993093e-01
5.689699069422719191e+00 -8.608991823464067217e-01
4.650577269669832425e+00 -3.335850032315479829e+00
2.307206443678410324e+00 -7.008603177413789354e+00
-2.234381744868318975e+00 -9.800441552846358206e+00
-9.102964343546748438e+00 -1.069660399745723467e+01
-1.656195067456277670e+01 -1.034000693652112268e+01
-2.168667290521742075e+01 -9.909556978694711304e+00
-2.218122462632374692e+01 -9.693013608576356077e+00
-1.782137273695219548e+01 -8.756785967966010276e+00
-1.049774823715998551e+01 -5.827128018631471562e+00
-2.812859871120668487e+00 -6.254191475412884671e-01
3.526899229229167432e+00 5.384318872368668352e+00
7.937738737662495936e+00 9.617349306686431731e+00
1.000000000000000000e+01 1.000000000000000000e+01
