-1.993318627155450429e+01 3.058226753055441449e+01
-2.474477991420348744e+00 1.317234001563442902e+01
-7.463874855534104569e+00 3.699173554629683558e+00
-6.934853963060586324e+00 2.506882573757138744e+00
-3.223351971676704508e+00 3.946906493958530326e+00
-3.356627385918908857e-01 7.296307185931992123e+00
-1.815985780648054160e+00 1.123165618246384412e+01
-6.315403316455693528e+00 1.265335106858211311e+01
-9.993003191857567913e+00 1.079364660975365453e+01
-1.073990647320430725e+01 6.493688949457832038e+00
-8.834186549031230129e+00 3.004152047532997472e-01
-5.856733469017115112e+00 -6.668520408043232095e+00
-3.568887327148290822e+00 -1.166308115583953509e+01
-2.673710407382399623e+00 -1.180208998310811097e+01
-1.623830489945067512e+00 -6.933124113906494301e+00
2.673793845727698404e+00 -2.748795735193105827e-01
1.160250979372288960e+01 4.247881424688655372e+00
2.240914585646066826e+01 5.333994517158743953e+00
2.999830316460782598e+01 5.074255760051649133e+00
3.130179967339744351e+01 6.527027688191376242e+00
2.759477130730995142e+01 1.070752972298759964e+01
2.280323706725337729e+01 1.594106754063163578e+01
2.019205264067576877e+01 1.950774761840306581e+01
2.066214919396627181e+01 1.929916922173144656e+01
2.314403903473905189e+01 1.442511567620768531e+01
2.559034403770301225e+01 5.503771963676475032e+00
2.587671305344192163e+01 -5.105252529100820169e+00
2.291513969451006005e+01 -1.395157050698162138e+01
1.757211625592766779e+01 -1.820329803952770220e+01
1.229424086432335628e+01 -1.708830799723600791e+01
9.425004751086172305e+00 -1.173502800977370697e+01
9.679949434145385112e+00 -3.887304374340038393e+00
1.199990242131236329e+01 4.883346351646545180e+00
1.447154008337719233e+01 1.312418906216176140e+01
1.522544560880106879e+01 1.973527366676732697e+01
1.298262035710425089e+01 2.462925204089183850e+01
7.728002072236904496e+00 2.854510841335935822e+01
1.192510549705437128e+00 3.188322834629182978e+01
-4.054714114008298509e+00 3.405458281236486329e+01
-6.635394513944056882e+00 3.399749864464119042e+01
-7.341913087438559415e+00 3.102433403688611691e+01
-7.978909103882259046e+00 2.533639093278810961e+01
-9.570373199232751205e+00 1.811948844454071050e+01
-1.171384469291365349e+01 1.103080691544004743e+01
-1.311426031376455725e+01 5.211187857295415782e+00
-1.252376824778380637e+01 7.602509418565386312e-01
-9.683861680718770515e+00 -2.641072439720248966e+00
-5.705509226178183013e+00 -4.709193921463384669e+00
-2.187568680076024563e+00 -4.568755272634589915e+00
2.438542830807026718e-01 -1.947425721272676213e+00
2.190074424429910849e+00 1.943871762592852548e+00
4.340346761295911016e+00 5.009239268648453702e+00
6.694119915503767615e+00 5.722765702284893230e+00
8.995932880243369567e+00 4.118273832526162970e+00
1.137368318681471457e+01 1.765873385896389536e+00
1.425758591689437971e+01 8.200750925872384300e-01
1.779975416364049323e+01 2.515469595750944976e+00
2.147875176839461275e+01 6.108137058432300037e+00
2.430833699440133699e+01 9.323555431639041657e+00
2.543342436811222029e+01 1.009792164565249273e+01
2.442138413527500518e+01 8.165557711325270418e+00
2.095963418574874026e+01 5.282659342799998825e+00
1.461715735522453841e+01 4.051504677764047990e+00
5.467104224739591345e+00 6.163770443424452239e+00
-4.858145375024852441e+00 1.118209822982633028e+01
-1.322719946223940113e+01 1.690425235007576887e+01
-1.682447711496687148e+01 2.125497582221172266e+01
-1.517482713900687230e+01 2.383147793148904725e+01
-1.034268907948814586e+01 2.536415981214562620e+01
-5.244249329203613641e+00 2.612171699080945331e+01
-1.759619611749325685e+00 2.560323651097048980e+01
3.526029766560334622e-02 2.352150761491763475e+01
1.359047214287413041e+00 2.023885699698788443e+01
3.373179371928257453e+00 1.636402851196206143e+01
5.958165458087098187e+00 1.262333150454323771e+01
7.846550848255697375e+00 9.897323130207901443e+00
8.136217033649725039e+00 8.576286196581365928e+00
7.501844628225500244e+00 7.868151286903740882e+00
7.641400380172160389e+00 6.377809533935261399e+00
9.617861572973435358e+00 3.588229390721521028e+00
1.298287680414305001e+01 5.151239898689574659e-01
1.636692480729543320e+01 -1.113618572337486512e+00
1.858822183298466513e+01 -9.595425570975102403e-02
1.937099865225017936e+01 3.611537312935890753e+00
1.950983548563103653e+01 8.919296103812378362e+00
2.038011160527721088e+01 1.413024196817500311e+01
2.280072492861313549e+01 1.784484584771135474e+01
2.600013832848856055e+01 1.962184879575831076e+01
2.772397152162021072e+01 1.971724334541073631e+01
2.564251379412079856e+01 1.834251691310395316e+01
1.906789567342360669e+01 1.560645906445573061e+01
9.715717119456209971e+00 1.217667267532563002e+01
9.799587963649312172e-01 9.385842987022487094e+00
-3.864773944621292756e+00 8.263043733339319630e+00
-3.559539150730342882e+00 8.643290133367163008e+00
4.116402036542883280e-01 9.498242143306223184e+00
5.077795854936971054e+00 1.001384610108470774e+01
8.249358543430632906e+00 1.010441652698913551e+01
9.613019149656521378e+00 1.004507348008487178e+01
9.959878107807018210e+00 1.000698299497651078e+01
