1.371460361642348147e+01 6.246396587240767850e+00
2.345263865506825240e+01 1.143114103159861550e+01
2.723285845247854908e+01 1.570417395204714062e+01
2.463954916207375589e+01 1.884790604196547648e+01
1.620044786967364914e+01 2.053566292780373814e+01
3.483519491669479162e+00 2.052280103966319658e+01
-1.076061679033041862e+01 1.783796655363068595e+01
-2.264052487807052927e+01 1.036515580143418447e+01
-2.893178115902118819e+01 -4.148041733383927010e+00
-2.765407284362308005e+01 -2.668185073501512150e+01
-1.906335956108623364e+01 -5.615816170424694320e+01
-5.260144605408284768e+00 -8.947178578857401021e+01
1.099135967987440843e+01 -1.230370493713560194e+02
2.750389395229345268e+01 -1.547011389947055591e+02
4.386508323316841285e+01 -1.842041031194502807e+02
6.092080199687248410e+01 -2.128481078482679152e+02
7.968730076595339540e+01 -2.420656710622391188e+02
1.003274681418282199e+02 -2.718119486103285567e+02
1.213414256178112112e+02 -3.000061218187013878e+02
1.405851697785931265e+02 -3.233106059406306940e+02
1.568668675332355349e+02 -3.383571196889307657e+02
1.705784598002189512e+02 -3.433574406327072097e+02
1.822809182718622480e+02 -3.393439826639161083e+02
1.920338945841804730e+02 -3.299229113700529865e+02
2.000727772844305719e+02 -3.192127023291783416e+02
2.067565627448988153e+02 -3.100880498786760882e+02
2.125839386684917258e+02 -3.030798569226720360e+02
2.173632006796894132e+02 -2.962178770198011080e+02
2.208708290599485622e+02 -2.858499265306980988e+02
2.227446354758908171e+02 -2.700604367079121175e+02
2.229029675308130720e+02 -2.505516363234198707e+02
2.226499069366221590e+02 -2.323432804786453403e+02
2.242757291512527615e+02 -2.209454133090843584e+02
2.297273888713469319e+02 -2.204573835417309908e+02
2.392384995709984423e+02 -2.319160284567244901e+02
2.515535880243905353e+02 -2.529762511871129789e+02
2.649147721483692521e+02 -2.790879750352351607e+02
2.769880236514473495e+02 -3.058146187407737102e+02
2.859759581425525425e+02 -3.301733960923411360e+02
2.913048616638436101e+02 -3.511024372590050007e+02
2.935695468668589001e+02 -3.691523655079225250e+02
2.953144265553112291e+02 -3.845995624962661168e+02
2.994439372798854038e+02 -3.963793504867218189e+02
3.078360713515012890e+02 -4.027355008882522611e+02
3.198512376096554704e+02 -4.027740256290226171e+02
3.325107132662777758e+02 -3.971338085154502551e+02
3.418622641096210941e+02 -3.880593699732156097e+02
3.447368981886160100e+02 -3.784462878233757692e+02
3.403190184102360263e+02 -3.710055993910649477e+02
3.306237284106460379e+02 -3.669735616491797145e+02
3.190879723622549591e+02 -3.657736490856006526e+02
3.090477024883423951e+02 -3.651648025613517916e+02
3.022132394591133675e+02 -3.634573352851234063e+02
2.975798554158926095e+02 -3.598952360721110608e+02
2.929361256823170834e+02 -3.548768351329240431e+02
2.868183814622337309e+02 -3.500802268478460064e+02
2.797834492041805561e+02 -3.471361321455624420e+02
2.738559799987106089e+02 -3.468576421659143421e+02
2.709295206370783262e+02 -3.489896389180212282e+02
2.720104357179746444e+02 -3.528551246294121597e+02
2.770745091759470711e+02 -3.577231808281334793e+02
2.852796534035476839e+02 -3.625957448613925749e+02
2.946661451644250178e+02 -3.674816464358232224e+02
3.027126643478025585e+02 -3.732947593176032228e+02
3.067493990624788580e+02 -3.816722635057890898e+02
3.057728051085848620e+02 -3.937810714294068362e+02
3.018506408964469188e+02 -4.100394048099997804e+02
2.982539332220784445e+02 -4.291464165788010519e+02
2.976796948082402423e+02 -4.477459379758466298e+02
3.005292879884290755e+02 -4.626282039885491031e+02
3.045283932703964638e+02 -4.722893763073452078e+02
3.063175967551158578e+02 -4.768214272808484111e+02
3.033776962104247445e+02 -4.771344120828983364e+02
2.966110167706690390e+02 -4.740714174325138401e+02
2.892372961317532258e+02 -4.676469268267857160e+02
2.856788999475166975e+02 -4.577245884279424786e+02
2.898709024475094225e+02 -4.448060405051951420e+02
3.034959155109224866e+02 -4.297641751790808371e+02
3.248035708525835616e+02 -4.140651513706062019e+02
3.497257913417227542e+02 -3.994127005218606428e+02
3.739995043937357195e+02 -3.864519882466001945e+02
3.943794303705315087e+02 -3.750861164370555230e+02
4.103204194548224564e+02 -3.646329515492897713e+02
4.233260077110119255e+02 -3.549793549673390771e+02
4.361578630635781337e+02 -3.471959848828701070e+02
4.507257516679480887e+02 -3.431253701199045167e+02
4.671929856409619788e+02 -3.444716708651347972e+02
4.831081677716821901e+02 -3.523984118406003176e+02
4.948589773929924149e+02 -3.656423454372765036e+02
4.996741911758153378e+02 -3.812163405455465295e+02
4.968719234020430235e+02 -3.961613814340830118e+02
4.882788913126541956e+02 -4.083265400976304704e+02
4.773766408453895451e+02 -4.168032818363850538e+02
4.682361465948334285e+02 -4.219840260377311552e+02
4.639286033316777207e+02 -4.250579832017946273e+02
4.653976528782148989e+02 -4.276299189047447840e+02
4.707528280982334081e+02 -4.305202556816733477e+02
4.746449199006536332e+02 -4.329553071598559200e+02
4.719373198014785658e+02 -4.329771168044588308e+02
4.615573815142697640e+02 -4.287950381408977023e+02
