-2.690781431690502767e+00 3.229427507630608929e+00
-2.584028513840824104e+00 -8.112983552974523116e-01
3.111484861274399272e+00 -3.695059910016424087e+00
1.152387393071355959e+01 -4.289344129072602207e+00
1.824371436955620496e+01 -2.355370249432984675e+00
2.017952297316565335e+01 -1.736133303378282200e-01
1.605544106940718052e+01 8.147650703019695406e-01
7.653128408774914959e+00 1.435146022845353586e-01
-1.068007411489127589e+00 -2.193202339489989772e+00
-6.206599369604887784e+00 -5.821101820043977249e+00
-5.976027909290692719e+00 -9.739440139886978542e+00
-1.830604527986963825e+00 -1.271070843387726512e+01
3.375083228978965622e+00 -1.469984022459483874e+01
7.693405046718437390e+00 -1.556387996404051322e+01
9.756559673341449468e+00 -1.612519785303878095e+01
9.735048050231140948e+00 -1.729848039752272015e+01
8.521054050376637434e+00 -1.866447146168765769e+01
6.772692089911415358e+00 -1.996979305535128546e+01
4.886481570122348295e+00 -2.141761165462939687e+01
2.473266023424943505e+00 -2.167509204929421784e+01
-9.838145069141609467e-01 -2.040028651846948549e+01
-5.617294124706846858e+00 -1.743785604351947072e+01
-1.087953337305141943e+01 -1.283996718845215668e+01
-1.615190879046537020e+01 -7.414783104234529354e+00
-2.062116508306240092e+01 -1.873015358473958392e+00
-2.371105505371582467e+01 1.941009523177363194e+00
-2.464415486447238735e+01 3.641337791790281386e+00
-2.376494460599043634e+01 3.048931159479847608e+00
-2.144081367242858249e+01 1.370010656051091402e+00
-1.820251848637795433e+01 7.147614920621676582e-01
-1.406515206445843447e+01 1.876433413856853027e+00
-9.036152101478897691e+00 4.561526252607778886e+00
-2.993918630585920226e+00 7.273341239111053902e+00
3.762939397293803445e+00 8.714062587830417428e+00
1.077094849276488375e+01 7.514869201688908262e+00
1.741045469028749082e+01 4.294278632233776705e+00
2.277843415988115794e+01 3.648267328890971717e-01
2.579471485045814916e+01 -3.221814853435275516e+00
2.633880549417444783e+01 -5.516574414862871478e+00
2.451266805366646651e+01 -5.677675992021075757e+00
2.067164162912505176e+01 -3.151826276348171696e+00
1.523528131987506207e+01 8.311188412172809681e-01
9.080837995760512982e+00 4.607804897711589298e+00
3.156041868784663418e+00 6.436828260755177666e+00
-1.467041835057570243e+00 5.744610894603733087e+00
-4.521538481702173762e+00 3.279113916857926192e+00
-6.372891436836672696e+00 -2.841361808273682454e-01
-8.446811538404496389e+00 -4.247866271716256747e+00
-1.173741735493961436e+01 -6.884873739315339414e+00
-1.491085222116864095e+01 -6.854646218200668883e+00
-1.653410441947739784e+01 -4.085075989557001463e+00
-1.568962287684648338e+01 5.493316493746531748e-01
-1.292249653074466309e+01 5.597506527501612261e+00
-9.491393610705692652e+00 9.282009617006387714e+00
-7.129358726921047662e+00 9.964898300859546865e+00
-7.448098807767974172e+00 7.772924400041288706e+00
-9.655999085545118987e+00 3.630297707688180608e+00
-1.168450569451414012e+01 -1.142241229040251493e+00
-1.152641553026811572e+01 -4.600622890462856773e+00
-8.671390523543614393e+00 -5.877175253627763496e+00
-3.445896666018045007e+00 -5.787043285644704049e+00
2.441176028937786402e+00 -5.631165995354144194e+00
7.234857587603979567e+00 -5.293883748311550619e+00
9.468946649557016926e+00 -4.213123809609159665e+00
8.790381418945209191e+00 -2.094038679897410660e+00
6.281084812250223415e+00 8.723699939260363134e-01
3.420812331704416565e+00 4.131692494732871701e+00
2.183120645610572730e+00 7.134680703652248823e+00
3.718728315649105998e+00 8.616515141326708260e+00
7.190443657201772254e+00 7.562537765234117693e+00
1.004492181820609886e+01 4.568506647664476006e+00
1.037695853138459157e+01 9.704100703042893850e-01
8.427539428064093840e+00 -2.291832562788762573e+00
4.913718293852970653e+00 -5.238214187175494807e+00
9.458625731871728171e-01 -7.282847884270392314e+00
-2.798190772452963326e+00 -7.911679025498503215e+00
-6.269602179752594040e+00 -6.939083513801843850e+00
-9.825556429343023979e+00 -4.730601006501724548e+00
-1.269438524152669778e+01 -2.134896246993490010e+00
-1.412214726831686917e+01 -4.058574648079210645e-01
-1.438831705501017133e+01 3.227174879902872107e-04
-1.378012142299011344e+01 -2.629224419349164843e-01
-1.327421905604113839e+01 -7.062674104704025346e-01
-1.334710643432177157e+01 -9.436171262275832028e-01
-1.394493173239863815e+01 -1.530676726154812428e+00
-1.433793795113891356e+01 -2.902333331346749645e+00
-1.384708048621153154e+01 -5.266318413795091580e+00
-1.180592607551099071e+01 -8.578362900429173266e+00
-8.852372331072849931e+00 -1.183627421987242201e+01
-5.621304530384560572e+00 -1.364780752352016790e+01
-2.870504618778229045e+00 -1.334249573569710812e+01
-1.312254199872027627e+00 -1.078408640044863454e+01
-1.139469172356008642e+00 -7.241388124219976241e+00
-1.415136520721105962e+00 -4.690047172528838182e+00
-9.113298237074326513e-01 -4.140063908400017034e+00
6.667187122122533172e-01 -5.336576591257482960e+00
2.650486129203369234e+00 -6.759130030510946519e+00
3.703087875283172625e+00 -6.297750163283708957e+00
3.139291910132058216e+00 -3.764202743185711242e+00
8.854365642440842343e-01 -9.376767807573668789e-02
